0 0.511155 0.489926 0.0436734 0.0659911 0.946276
0 0.468818 0.490295 0.0411497 0.0643319 0.926486
0 0.426722 0.489725 0.0429211 0.0633683 0.925473
0 0.343643 0.490162 0.0434382 0.0642146 0.922286
0 0.385539 0.490611 0.0410708 0.0635166 0.911712
0 0.511155 0.489926 0.0436734 0.0659911 0.946276
0 0.468818 0.490295 0.0411497 0.0643319 0.926486
0 0.426722 0.489725 0.0429211 0.0633683 0.925473
0 0.343643 0.490162 0.0434382 0.0642146 0.922286
0 0.385539 0.490611 0.0410708 0.0635166 0.911712
0 0.511155 0.489926 0.0436734 0.0659911 0.946276
0 0.468818 0.490295 0.0411497 0.0643319 0.926486
0 0.426722 0.489725 0.0429211 0.0633683 0.925473
0 0.343643 0.490162 0.0434382 0.0642146 0.922286
0 0.385539 0.490611 0.0410708 0.0635166 0.911712
0 0.511155 0.489926 0.0436734 0.0659911 0.946276
0 0.468818 0.490295 0.0411497 0.0643319 0.926486
0 0.426722 0.489725 0.0429211 0.0633683 0.925473
0 0.343643 0.490162 0.0434382 0.0642146 0.922286
0 0.385539 0.490611 0.0410708 0.0635166 0.911712
