0 0.341199 0.44874 0.0548809 0.0793894 0.970357
0 0.445649 0.449467 0.0544828 0.0809705 0.959092
0 0.393998 0.448332 0.0542593 0.0806159 0.949042
0 0.496782 0.44836 0.0534646 0.0803181 0.947062
0 0.54881 0.448248 0.0547457 0.0831221 0.916368
0 0.341199 0.44874 0.0548809 0.0793894 0.970357
0 0.445649 0.449467 0.0544828 0.0809705 0.959092
0 0.393998 0.448332 0.0542593 0.0806159 0.949042
0 0.496782 0.44836 0.0534646 0.0803181 0.947062
0 0.54881 0.448248 0.0547457 0.0831221 0.916368
0 0.341199 0.44874 0.0548809 0.0793894 0.970357
0 0.445649 0.449467 0.0544828 0.0809705 0.959092
0 0.393998 0.448332 0.0542593 0.0806159 0.949042
0 0.496782 0.44836 0.0534646 0.0803181 0.947062
0 0.54881 0.448248 0.0547457 0.0831221 0.916368
0 0.341199 0.44874 0.0548809 0.0793894 0.970357
0 0.445649 0.449467 0.0544828 0.0809705 0.959092
0 0.393998 0.448332 0.0542593 0.0806159 0.949042
0 0.496782 0.44836 0.0534646 0.0803181 0.947062
0 0.54881 0.448248 0.0547457 0.0831221 0.916368
