0 0.52385 0.292519 0.0969813 0.076278 0.982055
0 0.331129 0.292756 0.0987336 0.0755985 0.97956
0 0.427814 0.292623 0.0938254 0.0759213 0.978577
0 0.619528 0.291872 0.0945508 0.0754065 0.963127
0 0.715069 0.292123 0.0978175 0.0743414 0.950838
0 0.52385 0.292519 0.0969813 0.076278 0.982055
0 0.331129 0.292756 0.0987336 0.0755985 0.97956
0 0.427814 0.292623 0.0938254 0.0759213 0.978577
0 0.619528 0.291872 0.0945508 0.0754065 0.963127
0 0.715069 0.292123 0.0978175 0.0743414 0.950838
0 0.52385 0.292519 0.0969813 0.076278 0.982055
0 0.331129 0.292756 0.0987336 0.0755985 0.97956
0 0.427814 0.292623 0.0938254 0.0759213 0.978577
0 0.619528 0.291872 0.0945508 0.0754065 0.963127
0 0.715069 0.292123 0.0978175 0.0743414 0.950838
0 0.52385 0.292519 0.0969813 0.076278 0.982055
0 0.331129 0.292756 0.0987336 0.0755985 0.97956
0 0.427814 0.292623 0.0938254 0.0759213 0.978577
0 0.619528 0.291872 0.0945508 0.0754065 0.963127
0 0.715069 0.292123 0.0978175 0.0743414 0.950838
